19.348345 303.013989 -0.369962 1.298229
7.441891 288.522515 -0.426535 1.237431
1.140858 171.680231 -0.637801 0.978582
10.033664 175.988875 -0.584197 1.012915
19.635090 182.267236 -0.525261 1.060570
26.198486 185.674053 -0.485536 1.089961
36.765462 192.841071 -0.418772 1.144643
50.895624 204.444109 -0.327363 1.229627
67.445241 218.118964 -0.218488 1.329657
78.314641 226.470905 -0.146523 1.395074
88.954945 234.533950 -0.075136 1.459415
107.035964 249.116567 0.048192 1.569292
119.557897 258.606346 0.134882 1.645561
136.584030 271.871749 0.254056 1.749109
153.214771 285.584522 0.372131 1.857234
171.597360 300.493187 0.504207 1.975304
187.775522 312.310162 0.622521 2.073122
188.780088 302.644532 0.693594 2.208160
164.579961 279.555286 0.508504 2.043742
143.465380 259.454731 0.344963 1.900434
123.200951 239.673391 0.185608 1.757387
98.305189 214.451270 -0.013668 1.568155
75.850831 190.841327 -0.196335 1.388954
55.594248 170.754716 -0.363982 1.235694
35.773312 149.682060 -0.530799 1.071753
19.344577 132.472597 -0.672129 0.937272
5.438707 117.436841 -0.794633 0.818797
1.928385 96.546153 -0.883528 0.689605
17.321885 109.213151 -0.751619 0.811029
32.342330 121.340482 -0.620713 0.929729
47.650182 134.401162 -0.484721 1.059270
67.416926 151.371177 -0.304515 1.227768
85.632138 166.552193 -0.135546 1.382568
103.178073 180.810496 0.030267 1.531529
120.946806 195.685761 0.201412 1.689286
134.601975 206.675464 0.335942 1.812383
146.076670 215.589006 0.451732 1.917539
158.141776 225.490860 0.575661 2.034563
169.756317 234.782624 0.697563 2.147826
182.353147 244.606943 0.831850 2.268757
193.287946 253.502555 0.951918 2.382679
190.664861 238.109557 1.054243 2.536158
176.326535 223.123535 0.897959 2.389689
164.879138 210.722920 0.772371 2.270511
153.994096 199.811212 0.650531 2.166400
140.823628 186.256936 0.497849 2.027524
126.983030 171.896468 0.333124 1.875265
111.161305 156.167917 0.139516 1.702099
96.050259 140.718448 -0.049997 1.528082
83.242958 127.031146 -0.214834 1.372194
70.681331 113.325211 -0.380762 1.212016
59.159591 100.354377 -0.537374 1.057294
50.121774 89.554326 -0.665043 0.927391
39.067533 77.256095 -0.823412 0.773731
33.473492 69.543862 -0.911322 0.678683
33.722325 68.207941 -0.920523 0.669555
33.989942 66.889903 -0.929719 0.660421
34.919661 66.229482 -0.929719 0.660421
38.714742 67.833930 -0.888192 0.693245
45.793576 72.123917 -0.797153 0.766528
56.588008 80.537275 -0.647940 0.903541
71.900139 94.597735 -0.425755 1.130269
86.905484 107.936947 -0.201454 1.352876
98.562803 118.361746 -0.022456 1.536902
108.789527 127.232235 0.139516 1.702099
118.692241 135.557106 0.301488 1.863824
128.205910 143.284472 0.462392 2.021057
135.613707 148.584228 0.593562 2.143070
140.219149 151.487701 0.681680 2.228605
140.010094 149.632705 0.689829 2.235047
139.320265 147.397659 0.689829 2.235047
139.992304 146.236577 0.714148 2.254225
145.109961 149.770385 0.820181 2.359462
150.588119 153.830750 0.936817 2.478347
154.121820 155.468557 1.021166 2.556011
154.104798 154.041760 1.040477 2.577726
153.064322 151.464034 1.040477 2.577726
153.012395 151.355974 1.040882 2.559852
152.958785 151.246486 1.041268 2.541219
151.590307 150.538102 1.014278 2.509332
136.919830 139.586015 0.703118 2.258138
110.801784 116.132422 0.129570 1.724250
95.719749 101.556143 -0.224225 1.363907
94.648357 100.167798 -0.275679 1.286911
94.605402 99.707220 -0.305608 1.227910
94.574488 99.250993 -0.336675 1.166203
94.557369 98.801618 -0.368922 1.101653
94.556002 98.362002 -0.402387 1.034119
93.077950 96.504087 -0.475432 0.926755
87.805043 91.692357 -0.652186 0.736009
82.467756 87.460387 -0.840234 0.550621
66.648015 85.283391 -1.329909 0.412017
24.074580 127.146866 -2.611956 1.523791
28.752198 154.807839 -2.579682 2.283243
56.628080 129.550158 -1.842473 1.485128
64.912484 100.136735 -1.671423 0.507263
69.151236 81.594927 -1.619841 -0.182993
69.211932 74.331740 -1.704090 -0.543312
70.112859 74.995544 -1.667823 -0.436811
70.533325 75.491085 -1.646124 -0.328712
70.971855 75.971713 -1.622150 -0.213158
71.428228 76.430681 -1.595644 -0.089548
72.368293 77.387917 -1.547671 0.063882
72.419245 77.839392 -1.532746 0.209023
73.417110 78.760645 -1.475354 0.387211
73.952297 79.078939 -1.433774 0.554191
74.586910 80.069401 -1.383500 0.769081
75.768445 81.625954 -1.300853 1.033765
76.307996 83.963878 -1.243295 1.367436
73.501430 91.962890 -1.365236 2.052685
72.720010 102.895865 -1.382397 2.991139
74.812824 105.554348 -1.222064 3.529743
76.928925 104.365230 -1.038801 3.883654
78.968759 101.418000 -0.834805 4.162545
80.713368 96.747365 -0.622134 4.351772
81.969915 90.782654 -0.414691 4.464698
82.655917 84.005849 -0.221397 4.524329
83.985913 77.048937 0.074954 4.577875
83.699440 69.301768 0.257553 4.555514
83.346384 61.407178 0.477479 4.509135
83.360133 53.384029 0.812642 4.431140
81.991202 45.477127 1.029080 4.346521
81.219260 40.941631 1.080507 4.308726
80.138753 36.632906 1.080507 4.308726
79.058245 32.324180 1.080507 4.308726
77.977738 28.015454 1.080507 4.308726
76.897231 23.706728 1.080507 4.308726
